Date,Open,High,Low,Close,Volume,Adj Close
2014-02-24,81.,82.24,80.94,81.5,1484900,81.5
2014-02-18,76.65,82.02,75.57,80.98,1877300,80.98
2014-02-10,73.41,76.98,72.24,76.44,1345100,76.44
2014-02-03,72.07,73.62,69.35,73.56,1313400,73.56
2014-01-27,73.,74.25,71.28,72.33,1264500,72.33
2014-01-21,77.61,77.88,72.63,72.99,1409000,72.99
2014-01-13,76.91,78.1,75.2,77.12,1067900,77.12
2014-01-06,78.21,78.49,76.47,77.,1184100,77.
2013-12-30,76.98,78.89,76.94,77.86,1183800,77.86
2013-12-23,76.03,77.08,75.78,76.9,706500,76.9
2013-12-16,72.8,76.41,72.73,75.73,1197900,75.59
2013-12-09,71.21,72.91,71.06,72.36,1610200,72.23
2013-12-02,71.53,72.17,68.79,70.94,1111500,70.81
2013-11-25,72.15,73.04,70.87,71.38,832700,71.25
2013-11-18,71.75,71.94,69.37,71.,850600,70.87
2013-11-11,69.67,71.56,69.4,71.26,888000,71.13
2013-11-04,70.02,70.91,68.25,69.58,997000,69.45
2013-10-28,71.34,71.45,68.58,69.65,1277800,69.52
2013-10-21,64.4,71.49,63.21,71.22,1830600,71.09
2013-10-14,62.47,64.33,62.09,64.28,930300,64.16
2013-10-07,61.09,62.88,59.86,62.87,1009300,62.75
2013-09-30,61.39,63.01,60.79,61.71,1004400,61.6
2013-09-23,62.8,63.17,61.84,62.16,839300,62.05
2013-09-16,61.84,63.7,60.98,63.07,1141300,62.81
2013-09-09,59.28,61.71,59.28,61.,1076300,60.75
2013-09-03,56.62,59.86,55.98,59.07,1412100,58.83
2013-08-26,57.39,57.6,55.64,55.79,672100,55.56
2013-08-19,56.34,57.59,55.85,57.33,664600,57.1
2013-08-12,56.54,57.55,56.11,56.6,1100600,56.37
2013-08-05,57.12,57.29,55.69,56.75,1053700,56.52
2013-07-29,56.53,58.25,56.17,57.26,996200,57.03
2013-07-22,57.35,57.94,55.77,56.82,1948700,56.59
2013-07-15,55.54,57.37,54.59,57.35,1454000,57.12
2013-07-08,55.59,56.48,54.94,55.51,1070000,55.28
2013-07-01,54.35,55.41,53.96,55.36,801700,55.13
2013-06-24,52.7,54.75,50.9,54.01,1288600,53.79
2013-06-17,166.4,167.52,157.19,159.31,1111300,52.75
2013-06-10,168.62,169.37,162.84,165.65,688700,54.85
2013-06-03,168.6,169.69,161.85,168.07,955300,55.65
2013-05-28,168.8,171.51,167.11,168.13,818100,55.67
2013-05-20,169.54,173.29,164.76,166.84,909900,55.25
2013-05-13,161.88,170.08,160.73,169.9,872600,56.26
2013-05-06,158.34,163.66,158.02,162.24,838300,53.72
2013-04-29,157.72,161.19,150.01,158.67,1829500,52.54
2013-04-22,152.97,159.26,151.96,157.73,1276100,52.23
2013-04-15,160.24,160.69,152.,152.83,1089600,50.61
2013-04-08,160.12,165.35,159.43,161.55,849400,53.49
2013-04-01,167.23,167.6,158.34,160.12,1126100,53.02
2013-03-25,166.63,168.05,162.45,167.71,1110200,55.53
2013-03-18,165.62,169.54,163.87,165.72,1085700,54.73
2013-03-11,164.49,168.39,163.31,167.75,1271700,55.4
2013-03-04,161.56,167.,159.51,164.74,1199200,54.41
2013-02-25,162.31,162.5,152.93,161.55,1547600,53.36
2013-02-19,160.27,162.61,155.17,161.3,1662700,53.27
2013-02-11,157.61,160.92,155.25,159.95,968800,52.83
2013-02-04,155.09,157.88,153.79,157.74,1179900,52.1
2013-01-28,155.13,158.63,152.39,156.02,1409100,51.53
2013-01-22,157.3,157.46,152.15,154.47,1572000,51.02
2013-01-14,155.83,157.35,151.9,157.31,1128400,51.96
2013-01-07,152.89,155.63,152.11,155.63,1147400,51.4
2012-12-31,142.8,153.9,142.71,153.54,1406300,50.71
2012-12-24,144.18,145.3,142.75,142.86,639200,47.18
2012-12-17,142.6,146.33,140.44,144.25,1449300,47.52
2012-12-10,141.72,144.62,140.98,142.16,1144900,46.84
2012-12-03,139.62,142.82,138.33,141.9,1365900,46.75
2012-11-26,138.95,140.82,136.47,138.55,1700200,45.65
2012-11-19,136.2,140.2,136.02,139.45,1799700,45.94
2012-11-12,135.5,137.85,131.6,134.76,1418800,44.4
2012-11-05,136.19,147.1,135.1,135.27,1445400,44.57
2012-10-31,131.97,138.39,131.75,136.9,2263500,45.1
2012-10-22,132.04,132.83,128.55,130.93,1101000,43.14
2012-10-15,128.44,135.44,127.88,132.84,1677600,43.76
2012-10-08,129.22,130.94,127.3,128.31,1136500,42.27
2012-10-01,128.36,131.5,126.85,130.39,1214500,42.96
2012-09-24,130.11,131.7,126.43,127.74,1548700,42.08
2012-09-17,134.36,134.67,131.,132.02,1335000,43.37
2012-09-10,130.32,135.57,129.34,134.81,1757500,44.29
2012-09-04,127.36,132.51,126.2,131.29,1522900,43.13
2012-08-27,127.96,129.02,125.98,127.66,1459900,41.94
2012-08-20,128.09,129.51,126.52,127.77,1502700,41.98
2012-08-13,128.,130.15,126.45,128.58,1082700,42.24
2012-08-06,124.33,129.38,124.33,128.03,1692000,42.06
2012-07-30,115.63,124.25,114.93,123.95,2140000,40.72
2012-07-23,109.49,116.97,108.98,116.11,1796200,38.15
2012-07-16,110.54,115.41,108.56,112.47,1469700,36.95
2012-07-09,115.99,117.18,105.91,110.71,1968600,36.37
2012-07-02,114.96,117.92,113.52,116.26,1389600,38.2
2012-06-25,108.48,115.62,105.66,114.75,1982800,37.7
2012-06-18,108.22,111.67,106.72,107.53,1722300,35.21
2012-06-11,106.58,108.5,103.,108.45,2115700,35.51
2012-06-04,101.12,107.92,98.41,105.11,1915800,34.42
2012-05-29,106.33,109.55,100.,100.44,2471500,32.89
2012-05-21,102.1,108.52,102.,105.93,1481100,34.69
2012-05-14,111.43,112.47,101.17,101.59,1915500,33.26
2012-05-07,111.69,114.43,107.31,112.95,1999400,36.98
2012-04-30,116.14,119.59,111.8,112.32,2398600,36.78
2012-04-23,109.63,116.83,108.52,115.88,1279000,37.94
2012-04-16,112.25,115.28,110.7,111.52,1366700,36.52
2012-04-09,112.96,113.31,108.81,111.26,904200,36.43
2012-04-02,115.1,118.39,114.85,115.75,1492300,37.9
2012-03-26,114.63,117.54,113.21,115.51,1548900,37.82
2012-03-19,116.81,117.98,110.52,113.45,1023000,37.03
2012-03-12,116.92,118.61,114.4,117.17,1247300,38.25
2012-03-05,116.24,117.6,111.44,116.53,1857000,38.04
2012-02-27,117.9,120.74,115.97,116.5,2185500,38.03
2012-02-21,118.92,122.45,113.,119.29,1932000,38.94
2012-02-13,117.11,119.9,115.36,118.56,1179600,38.7
2012-02-06,113.94,115.49,112.67,115.35,919400,37.65
2012-01-30,108.14,114.73,106.83,114.43,1666900,37.35
2012-01-23,106.99,110.66,106.18,109.12,1576200,35.62
2012-01-17,107.38,108.48,105.,107.18,996000,34.99
2012-01-09,102.9,106.27,101.66,105.6,1349500,34.47
2012-01-03,102.48,104.97,100.88,102.49,1494900,33.46
2011-12-27,101.63,102.11,97.,99.32,1021800,32.42
2011-12-19,98.6,102.73,96.16,101.88,1299400,33.15
2011-12-12,101.58,102.73,95.35,97.54,1698400,31.74
2011-12-05,104.,106.74,99.42,103.51,1354000,33.68
2011-11-28,94.19,104.53,94.19,102.01,1619700,33.19
2011-11-21,94.43,94.54,89.4,90.1,1370600,29.32
2011-11-14,98.82,99.49,94.45,96.95,1317400,31.55
2011-11-07,99.93,100.77,94.25,99.37,1758600,32.33
2011-10-31,95.74,100.17,87.41,99.8,2164100,32.47
2011-10-24,84.32,99.18,84.07,97.02,2366900,31.57
2011-10-17,83.73,85.82,79.5,84.37,1975600,27.45
2011-10-10,80.84,87.11,80.84,84.21,1846200,27.4
2011-10-03,73.12,80.91,66.84,79.13,2337000,25.75
2011-09-26,75.8,82.52,72.88,74.,2645100,24.08
2011-09-19,86.58,87.9,73.57,74.64,2049600,24.19
2011-09-12,84.24,91.18,82.34,88.75,2276300,28.76
2011-09-06,84.82,91.4,84.53,85.65,2307900,27.76
2011-08-29,88.09,95.65,87.46,89.11,2007700,28.88
2011-08-22,83.09,87.97,80.84,86.47,1897000,28.03
2011-08-15,91.31,92.9,80.77,80.96,2613000,26.24
2011-08-08,85.57,91.23,81.88,90.51,3629000,29.34
2011-08-01,101.5,101.64,86.23,88.61,3225900,28.72
2011-07-25,109.24,110.96,96.26,99.38,2669200,32.21
2011-07-18,104.62,111.97,103.17,111.05,1987100,35.99
2011-07-11,107.17,107.73,101.42,105.33,2012200,34.14
2011-07-05,110.91,112.57,107.64,109.02,1432800,35.33
2011-06-27,104.29,111.36,102.81,110.97,1518900,35.97
2011-06-20,104.75,109.78,103.88,104.18,2519700,33.66
2011-06-13,104.52,106.85,99.2,105.69,2897400,34.15
2011-06-06,113.04,113.86,105.99,106.34,1752000,34.36
2011-05-31,121.67,122.27,112.75,113.22,1789300,36.58
2011-05-23,117.65,120.67,114.88,120.28,1697900,38.87
2011-05-16,120.03,123.04,118.09,119.51,1451100,38.62
2011-05-09,122.14,126.22,119.4,120.67,1483600,38.99
2011-05-02,127.63,129.31,119.,122.55,2328400,39.6
2011-04-25,133.07,135.72,125.63,126.62,2166100,40.91
2011-04-18,125.45,133.42,123.85,133.07,1123000,43.
2011-04-11,134.98,134.98,126.,127.7,1712100,41.26
2011-04-04,132.13,135.5,131.01,134.99,1984500,43.62
2011-03-28,125.79,132.24,122.94,132.04,1528600,42.67
2011-03-21,123.6,126.66,122.6,125.51,1107300,40.45
2011-03-14,122.13,125.41,117.5,122.31,2159800,39.42
2011-03-07,128.89,129.38,119.03,122.82,1395600,39.58
2011-02-28,126.19,130.39,122.14,128.4,1662100,41.38
2011-02-22,128.91,130.48,120.3,125.3,2667600,40.38
2011-02-14,132.21,133.94,129.,130.33,1513000,42.
2011-02-07,130.62,132.56,128.97,132.03,1194100,42.55
2011-01-31,122.94,130.52,122.94,130.48,2044000,42.05
2011-01-24,113.81,123.62,113.,122.97,3470700,39.63
2011-01-18,116.88,117.6,112.22,115.42,1962900,37.2
2011-01-10,115.41,121.07,114.8,117.6,2437200,37.9
2011-01-03,120.,121.99,114.69,116.1,1883800,37.42
2010-12-27,117.72,119.6,116.87,119.22,670300,38.42
2010-12-20,116.45,119.83,114.61,118.31,1059100,38.04
2010-12-13,116.64,117.93,114.39,116.12,1486300,37.33
2010-12-06,111.14,116.19,110.9,116.07,1383900,37.32
2010-11-29,106.17,112.08,104.22,111.32,1679200,35.79
2010-11-22,107.19,108.35,105.12,107.13,1393900,34.44
2010-11-15,106.83,107.77,104.06,107.67,2540200,34.62
2010-11-08,103.84,110.48,102.73,106.,3730200,34.08
2010-11-01,100.47,104.55,96.27,104.18,4870200,33.49
2010-10-25,115.35,116.98,99.19,100.,6639400,32.15
2010-10-18,113.94,114.97,110.92,114.18,1551900,36.71
2010-10-11,113.47,115.45,109.74,113.75,1440900,36.57
2010-10-04,110.45,114.46,107.93,113.49,2086900,36.49
2010-09-27,107.27,111.34,104.39,110.57,2123900,35.55
2010-09-20,104.35,107.87,102.78,107.14,2147400,34.35
2010-09-13,103.28,105.16,102.14,103.93,1734600,33.32
2010-09-07,97.64,102.52,96.5,102.25,1849300,32.78
2010-08-30,91.28,99.49,89.03,98.49,1921300,31.58
2010-08-23,96.09,96.31,87.76,92.19,2371000,29.56
2010-08-16,95.61,101.1,94.65,95.29,2001600,30.55
2010-08-09,104.3,104.55,94.21,96.22,2147400,30.85
2010-08-02,101.7,104.44,100.,102.5,2249700,32.86
2010-07-26,96.,100.75,95.19,99.16,3132900,31.79
2010-07-19,87.69,95.89,86.34,95.85,2366500,30.73
2010-07-12,92.02,93.27,88.26,88.76,2589500,28.46
2010-07-06,87.2,92.86,85.7,92.69,2578200,29.72
2010-06-28,90.52,90.59,83.6,85.83,4008000,27.52
2010-06-21,95.95,97.87,89.32,90.9,3782000,29.05
2010-06-14,91.5,95.64,91.06,94.61,3380200,30.24
2010-06-07,88.6,90.39,81.35,90.39,5353600,28.89
2010-06-01,93.8,94.38,87.64,88.2,4697400,28.19
2010-05-24,94.32,98.4,89.38,95.1,3506000,30.39
2010-05-17,107.29,107.29,91.28,95.42,5344200,30.5
2010-05-10,107.39,113.99,104.92,107.24,3254100,34.27
2010-05-03,115.14,117.54,101.,103.5,5416300,33.08
2010-04-26,117.21,119.83,114.39,114.58,1898000,36.62
2010-04-19,114.53,116.88,112.66,116.38,1878000,37.2
2010-04-12,115.75,119.44,114.01,115.14,1654200,36.8
2010-04-05,113.7,116.05,112.73,115.07,1709700,36.78
2010-03-29,109.78,114.33,108.89,113.,2224000,36.12
2010-03-22,103.42,112.3,102.7,109.33,3130000,34.94
2010-03-15,104.76,107.68,103.67,104.56,2154900,33.33
2010-03-08,107.67,107.95,103.12,105.12,2598700,33.5
2010-03-01,100.49,107.58,100.48,107.44,2792500,34.24
2010-02-22,99.76,100.54,91.71,100.09,2252200,31.9
2010-02-16,95.65,99.64,94.7,98.91,1426200,31.52
2010-02-08,92.05,94.5,90.8,94.36,2005000,30.07
2010-02-01,92.99,97.48,89.15,92.11,3377100,29.36
2010-01-25,100.75,101.82,89.75,90.17,3728600,28.74
2010-01-19,104.82,105.59,98.75,100.02,2139300,31.88
2010-01-11,108.01,108.79,102.93,104.72,2103000,33.38
2010-01-04,96.39,107.97,95.16,107.88,3730500,34.38
2009-12-28,96.79,97.92,94.52,94.53,1397000,30.13
2009-12-21,98.51,99.13,96.33,97.12,1384600,30.95
2009-12-14,96.71,99.93,95.,97.3,1842200,30.93
2009-12-07,99.02,99.76,94.1,95.87,2454300,30.47
2009-11-30,100.06,102.73,97.91,99.33,2566500,31.57
2009-11-23,102.74,105.,99.14,100.2,1189600,31.85
2009-11-16,104.52,108.11,100.34,101.57,2050400,32.28
2009-11-09,100.7,105.85,100.51,104.08,2732500,33.08
2009-11-02,98.38,102.52,96.02,99.43,3180100,31.6
2009-10-26,105.97,108.34,94.12,98.21,4234000,31.21
2009-10-19,105.1,108.85,103.73,105.15,1822900,33.42
2009-10-12,102.22,106.31,99.71,105.01,2097700,33.38
2009-10-05,95.39,101.91,95.39,100.77,2239100,32.03
2009-09-28,98.87,100.5,92.76,95.2,2693200,30.26
2009-09-21,96.43,102.42,95.7,98.82,2790400,31.41
2009-09-14,94.66,99.42,93.38,97.82,2388400,31.01
2009-09-08,91.07,97.49,90.2,95.17,4071700,30.17
2009-08-31,87.62,89.77,81.74,89.6,3765600,28.4
2009-08-24,91.47,91.47,85.5,89.4,3898200,28.34
2009-08-17,84.,91.47,81.42,91.12,3081700,28.88
2009-08-10,87.13,90.64,85.14,86.64,2420100,27.46
2009-08-03,81.66,88.9,81.56,87.89,3760800,27.86
2009-07-27,74.89,82.35,70.34,80.77,4768200,25.6
2009-07-20,68.23,74.72,68.23,74.65,3378900,23.66
2009-07-13,63.46,68.44,61.66,68.04,2875800,21.57
2009-07-06,65.9,66.5,60.9,63.03,4724700,19.98
2009-06-29,73.65,73.65,66.5,67.54,4222800,21.41
2009-06-22,74.83,74.83,69.46,71.5,4450600,22.66
2009-06-15,83.67,83.67,75.,75.61,4588500,23.88
2009-06-08,80.86,85.,78.43,84.41,3704500,26.66
2009-06-01,75.65,82.74,74.62,82.14,4760000,25.94
2009-05-26,67.9,73.68,67.28,73.57,3630600,23.24
2009-05-18,68.17,72.83,67.,68.39,3547000,21.6
2009-05-11,73.5,73.68,65.77,67.25,3860100,21.24
2009-05-04,71.28,75.84,68.17,74.38,5011200,23.49
2009-04-27,62.65,72.16,61.11,69.81,5793200,22.05
2009-04-20,59.5,64.11,55.59,63.29,4417800,19.99
2009-04-13,63.8,63.8,60.25,60.7,4151700,19.17
2009-04-06,62.6,65.,59.3,65.,4007600,20.53
2009-03-30,55.57,64.08,54.1,63.86,4114900,20.17
2009-03-23,56.89,60.69,55.1,57.43,4563400,18.14
2009-03-16,53.5,59.64,51.1,55.13,4241400,17.33
2009-03-09,44.17,54.75,43.6,53.05,4301400,16.67
2009-03-02,49.51,49.9,43.23,44.58,5151300,14.01
2009-02-23,48.25,54.5,44.73,50.47,5243600,15.86
2009-02-17,52.,52.28,46.46,47.96,4109100,15.07
2009-02-09,56.65,58.2,51.7,53.7,3165400,16.88
2009-02-02,51.99,57.76,50.35,56.52,5054400,17.76
2009-01-26,47.94,56.88,47.17,53.31,4125000,16.75
2009-01-20,50.09,50.82,45.04,47.93,4781000,15.06
2009-01-12,55.48,55.48,45.79,50.51,4723800,15.87
2009-01-05,54.59,61.18,54.14,55.72,5090400,17.51
2008-12-29,50.71,55.57,48.49,54.97,3741700,17.28
2008-12-22,51.57,52.49,46.59,50.73,2686200,15.94
2008-12-15,52.92,55.85,48.98,52.05,4625800,16.28
2008-12-08,46.01,52.92,44.27,52.03,4498400,16.27
2008-12-01,48.37,48.37,37.86,43.13,4907000,13.49
2008-11-24,41.76,50.35,41.76,50.33,3871500,15.74
2008-11-17,47.22,49.11,37.18,40.56,5095200,12.69
2008-11-10,55.72,57.2,44.23,48.39,3501100,15.14
2008-11-03,56.77,64.1,50.29,52.99,4627200,16.57
2008-10-27,43.67,60.8,41.35,56.92,7805000,17.8
2008-10-20,68.06,69.13,41.72,44.63,6868200,13.96
2008-10-13,59.64,74.02,55.67,65.81,5733900,20.58
2008-10-06,69.15,71.51,50.25,56.32,8514100,17.62
2008-09-29,91.3,91.35,68.45,72.2,9898700,22.58
2008-09-22,101.63,101.93,87.72,89.37,2992400,27.95
2008-09-15,102.64,110.74,85.9,100.72,4563700,31.42
2008-09-08,116.78,118.26,94.74,106.08,5577100,33.1
2008-09-02,131.,134.6,109.5,113.65,4043900,35.46
2008-08-25,133.08,138.74,124.88,132.12,2413600,41.22
2008-08-18,127.76,134.65,126.15,133.64,2117600,41.7
2008-08-11,120.12,132.46,118.02,127.38,2838000,39.74
2008-08-04,130.92,131.36,116.76,119.88,3175700,37.4
2008-07-28,125.99,145.45,125.06,129.82,3253800,40.5
2008-07-21,134.22,142.31,119.83,125.83,2913600,39.26
2008-07-14,134.96,138.91,127.71,133.53,2106900,41.66
2008-07-07,116.31,135.64,116.31,132.34,3145800,41.29
2008-06-30,135.74,138.95,114.65,114.65,2373400,35.77
2008-06-23,134.49,138.14,128.68,138.14,2695500,43.1
2008-06-16,134.98,140.35,132.83,133.3,1530300,41.51
2008-06-09,134.38,138.5,129.14,134.73,1393900,41.96
2008-06-02,138.48,138.9,134.11,134.34,1727900,41.84
2008-05-27,130.11,139.04,129.71,138.52,3072000,43.14
2008-05-19,129.48,131.,122.69,130.11,1688800,40.52
2008-05-12,122.26,129.26,118.82,128.82,1758100,40.12
2008-05-05,123.3,124.22,119.64,121.26,1605700,37.76
2008-04-28,112.21,126.43,110.54,122.62,3410200,38.19
2008-04-21,113.75,114.71,109.12,111.51,1501000,34.73
2008-04-14,105.72,114.38,103.79,113.72,1724200,35.41
2008-04-07,112.11,118.,105.22,106.42,3040800,33.14
2008-03-31,103.93,112.52,102.9,110.72,2874700,34.48
2008-03-24,99.66,110.64,99.66,103.53,2524000,32.24
2008-03-17,93.95,103.98,91.,99.63,2887300,30.95
2008-03-10,99.89,101.72,94.81,96.19,2400100,29.88
2008-03-03,109.13,111.5,99.25,100.64,3439600,31.26
2008-02-25,102.69,112.32,100.74,108.9,4941300,33.83
2008-02-19,97.17,103.19,96.17,102.97,2318800,31.99
2008-02-11,94.84,100.4,94.16,96.17,1944100,29.87
2008-02-04,96.39,97.23,90.5,94.57,3118300,29.38
2008-01-28,82.,97.51,77.76,96.4,3765900,29.94
2008-01-22,79.39,86.6,75.29,82.39,3428100,25.59
2008-01-14,91.46,92.16,79.28,81.18,3472000,25.22
2008-01-07,95.11,95.11,87.16,90.65,2894900,28.16
2007-12-31,97.99,99.11,92.26,93.2,1518700,28.95
2007-12-24,98.87,100.36,96.74,98.22,1020600,30.51
2007-12-17,99.39,99.52,92.83,98.69,1841700,30.66
2007-12-10,95.97,102.74,95.56,99.66,2432200,30.91
2007-12-03,94.6,101.58,91.,95.9,3069300,29.74
2007-11-26,93.71,96.,88.48,94.09,1567800,29.18
2007-11-19,89.76,93.7,88.5,93.04,1387300,28.86
2007-11-12,91.98,93.77,89.75,90.51,2079500,28.07
2007-11-05,88.,96.35,86.99,91.26,3140800,28.3
2007-10-29,78.07,90.,74.86,88.33,3149400,27.39
2007-10-22,79.46,80.32,76.28,77.47,1951600,24.03
2007-10-15,79.37,81.8,77.29,80.57,1866700,24.99
2007-10-08,78.65,81.82,77.17,79.23,1715200,24.57
2007-10-01,76.44,79.6,76.34,78.8,1329500,24.44
2007-09-24,75.98,79.7,74.23,76.18,1538500,23.63
2007-09-17,72.87,78.46,72.34,76.43,1200900,23.66
2007-09-10,70.3,73.31,67.76,72.93,991800,22.57
2007-09-04,70.97,73.85,69.47,69.84,960100,21.62
2007-08-27,69.67,71.83,69.42,71.41,1023500,22.1
2007-08-20,67.,70.36,66.25,70.21,1258200,21.73
2007-08-13,74.75,74.75,61.99,65.75,2634000,20.35
2007-08-06,69.04,79.9,67.65,73.47,3490800,22.74
2007-07-30,71.97,74.69,68.72,68.91,1872000,21.33
2007-07-23,76.05,77.19,71.6,72.24,2476900,22.36
2007-07-16,75.5,76.62,73.85,76.53,1589800,23.69
2007-07-09,74.45,76.26,72.35,75.57,886600,23.39
2007-07-02,72.28,74.28,72.07,74.17,966000,22.96
2007-06-25,71.2,72.71,69.,71.6,1489800,22.16
2007-06-18,72.62,73.07,70.2,70.97,1212700,21.92
2007-06-11,67.3,72.96,65.92,72.37,2061800,22.35
2007-06-04,70.01,70.65,66.17,67.31,1089500,20.79
2007-05-29,68.16,70.56,68.14,70.1,1265200,21.65
2007-05-21,67.18,68.82,66.15,67.77,953100,20.93
2007-05-14,66.36,67.88,65.11,67.11,1441700,20.73
2007-05-07,62.24,66.7,60.61,66.22,1533600,20.45
2007-04-30,61.07,63.29,60.16,62.23,1140300,19.22
2007-04-23,59.9,61.42,59.82,61.06,600900,18.86
2007-04-16,59.71,60.35,58.46,59.92,646600,18.51
2007-04-09,58.74,59.9,57.58,59.55,943700,18.39
2007-04-02,57.64,59.,57.48,58.74,965800,18.14
2007-03-26,58.09,58.6,56.7,57.19,694600,17.66
2007-03-19,57.43,58.77,57.29,58.31,1136700,17.96
2007-03-12,57.,57.95,55.58,56.98,1553800,17.55
2007-03-05,50.86,57.21,50.55,56.96,2459700,17.55
2007-02-26,52.12,53.94,49.55,50.85,2192600,15.67
2007-02-20,52.,52.62,51.66,52.35,663600,16.13
2007-02-12,52.49,52.73,50.34,52.13,1202900,16.06
2007-02-05,54.15,54.7,52.1,52.29,1150300,16.11
2007-01-29,50.75,54.75,50.39,54.39,1136700,16.76
2007-01-22,50.7,51.45,49.76,50.68,575600,15.61
2007-01-16,51.,51.6,50.52,50.92,661400,15.69
2007-01-08,49.96,51.58,48.73,50.78,1777500,15.64
2007-01-03,51.07,51.29,49.76,50.05,2216500,15.42
2006-12-26,49.8,51.19,49.55,50.47,871200,15.55
2006-12-18,51.5,51.82,49.7,49.83,1177700,15.35
2006-12-11,53.2,53.48,51.14,51.4,925300,15.84
2006-12-04,53.51,54.1,52.99,53.28,761800,16.41
2006-11-27,53.87,54.06,51.51,53.51,1036200,16.49
2006-11-20,54.5,54.59,53.75,54.07,1037400,16.66
2006-11-13,52.95,54.5,51.87,54.5,1389200,16.79
2006-11-06,53.5,56.,51.65,52.95,2276900,16.31
2006-10-30,52.71,53.42,51.59,53.42,1068000,16.46
2006-10-23,53.26,54.06,52.85,52.96,867400,16.32
2006-10-16,55.,55.21,53.26,53.51,880400,16.49
2006-10-09,49.72,55.33,49.5,55.23,2373900,17.02
2006-10-02,47.5,49.99,46.5,49.7,2336500,15.31
2006-09-25,47.98,51.22,47.82,50.59,1325700,15.59
2006-09-18,49.87,50.2,47.27,47.84,926200,14.74
2006-09-11,51.,51.01,49.57,49.89,750500,15.37
2006-09-05,51.25,51.78,50.52,51.06,723600,15.73
2006-08-28,49.45,51.55,49.45,51.25,503200,15.79
2006-08-21,51.,51.,49.16,49.55,436800,15.27
2006-08-14,49.55,51.69,49.3,51.06,894100,15.73
2006-08-07,52.45,52.7,49.1,49.31,953200,15.19
2006-07-31,51.84,53.84,51.25,52.85,1149900,16.28
2006-07-24,50.95,52.99,50.8,51.94,1149900,16.
2006-07-17,53.12,54.26,50.72,50.78,1147300,15.64
2006-07-10,55.25,56.17,52.7,53.28,1441600,16.41
2006-07-03,56.4,56.4,53.81,55.07,1806000,16.97
2006-06-26,50.5,56.9,50.32,56.9,2849500,17.53
2006-06-19,51.44,51.44,48.42,50.57,1406800,15.58
2006-06-12,50.9,52.35,48.11,51.27,1860100,15.8
2006-06-05,55.37,55.71,50.21,50.82,1342800,15.66
2006-05-30,53.56,56.59,52.37,55.37,1600500,17.06
2006-05-22,52.65,53.63,50.37,53.56,1598500,16.5
2006-05-15,56.6,56.7,52.43,52.9,1634900,16.3
2006-05-08,60.25,61.06,57.19,57.19,1159800,17.62
2006-05-01,57.75,60.5,57.75,60.25,1559000,18.56
2006-04-24,55.85,57.57,54.9,57.52,1556100,17.72
2006-04-17,54.4,57.31,53.9,55.95,1699500,17.24
2006-04-10,55.75,55.96,53.21,54.64,1916700,16.83
2006-04-03,58.56,60.17,55.17,55.64,3324100,17.14
2006-03-27,57.95,58.9,57.26,58.34,2034300,17.97
2006-03-20,57.45,58.3,56.75,57.9,1417900,17.84
2006-03-13,55.25,57.75,54.98,57.59,2042200,17.74
2006-03-06,51.71,55.35,51.71,55.,2963100,16.94
2006-02-27,51.28,53.3,51.25,52.66,1485000,16.22
2006-02-21,49.1,51.73,48.76,51.13,1516500,15.75
2006-02-13,44.8,49.99,44.57,49.3,1606800,15.19
2006-02-06,46.11,46.32,43.68,44.91,1391500,13.84
2006-01-30,45.37,46.79,45.09,46.01,1195800,14.17
2006-01-23,43.48,45.64,43.41,45.5,1010400,14.02
2006-01-17,42.7,43.99,42.31,43.71,1211700,13.47
2006-01-09,41.58,42.7,41.58,42.7,984400,13.16
2006-01-03,40.1,41.91,39.63,41.58,1420100,12.81
2005-12-27,39.35,39.6,38.32,39.56,717400,12.19
2005-12-19,39.4,39.7,38.25,39.44,681100,12.15
2005-12-12,38.2,39.75,38.12,39.5,957400,12.17
2005-12-05,39.,39.,37.38,38.1,488100,11.74
2005-11-28,38.15,38.84,37.12,38.53,696000,11.87
2005-11-21,38.67,38.78,37.87,38.1,720900,11.74
2005-11-14,37.4,38.78,36.57,38.52,650200,11.87
2005-11-07,35.05,38.35,35.05,37.65,1335300,11.6
2005-10-31,34.5,35.29,34.35,34.82,987900,10.73
2005-10-24,33.95,34.73,32.85,34.49,706600,10.63
2005-10-17,34.57,34.9,33.27,33.85,826600,10.43
2005-10-10,35.15,35.15,33.15,34.46,1059600,10.62
2005-10-03,36.45,37.44,32.75,34.2,1299900,10.54
2005-09-26,35.5,36.88,34.53,36.35,1117600,11.2
2005-09-19,35.5,35.52,34.43,35.37,1613200,10.9
2005-09-12,36.9,37.07,35.1,35.5,1903100,10.94
2005-09-06,36.8,37.78,36.55,37.,1247100,11.4
2005-08-29,35.75,37.29,35.56,36.61,1344000,11.28
2005-08-22,35.93,36.23,35.4,35.8,1035100,11.03
2005-08-15,35.87,36.39,35.05,35.89,1600200,11.06
2005-08-08,33.57,35.99,33.39,35.92,1273200,11.07
2005-08-01,34.81,35.12,33.33,33.51,1372700,10.32
2005-07-25,33.29,34.32,32.57,33.86,1383000,10.43
2005-07-18,30.7,33.37,30.63,33.29,1117900,10.26
2005-07-11,31.01,31.3,30.55,30.75,775600,9.47
2005-07-05,30.7,31.55,29.73,30.88,762600,9.51
2005-06-27,30.1,30.83,29.42,30.7,708900,9.46
2005-06-20,30.87,30.98,30.03,30.21,816200,9.31
2005-06-13,29.07,31.25,29.,30.71,1597200,9.46
2005-06-06,28.3,29.55,28.03,29.05,1548900,8.95
2005-05-31,29.71,30.14,29.3,29.42,1833500,9.06
2005-05-23,29.93,30.32,29.41,29.69,1141800,9.15
2005-05-16,28.56,30.57,28.38,30.,1244700,9.24
2005-05-09,28.85,29.6,27.9,28.56,1387000,8.8
2005-05-02,27.76,29.11,27.67,29.,1160800,8.93
2005-04-25,28.23,28.97,27.25,27.76,1440000,8.55
2005-04-18,25.69,28.41,25.63,28.23,2168100,8.7
2005-04-11,25.95,26.69,25.16,25.69,1304800,7.91
2005-04-04,25.86,26.51,25.6,25.95,582500,7.99
2005-03-28,26.37,26.52,25.2,25.86,521700,7.97
2005-03-21,26.2,26.72,26.03,26.32,714700,8.11
2005-03-14,26.51,26.8,26.05,26.32,800200,8.11
2005-03-07,25.44,26.63,24.9,26.5,1132600,8.16
2005-02-28,24.6,25.55,24.6,25.37,965500,7.82
2005-02-22,24.23,24.69,23.69,24.6,632100,7.58
2005-02-14,24.34,25.05,23.98,24.23,470100,7.46
2005-02-07,25.89,26.09,23.83,24.24,1558300,7.47
2005-01-31,24.91,25.89,24.73,25.89,830500,7.98
2005-01-24,24.55,25.,24.25,24.66,697700,7.6
2005-01-18,24.73,25.33,24.33,24.45,927500,7.53
2005-01-10,25.18,25.56,23.78,24.73,799800,7.62
2005-01-03,27.6,27.72,24.95,25.22,865900,7.77
2004-12-27,27.46,28.18,26.76,27.54,379400,8.48
2004-12-20,26.8,27.49,26.2,27.46,667500,8.46
2004-12-13,25.75,27.2,25.53,26.72,937100,8.23
2004-12-06,26.04,26.08,24.87,25.77,644800,7.94
2004-11-29,25.6,26.58,24.96,26.15,1066000,8.06
2004-11-22,24.39,25.78,24.3,25.5,678700,7.86
2004-11-15,23.95,24.98,23.86,24.38,1083600,7.51
2004-11-08,22.9,24.05,22.74,24.02,569300,7.4
2004-11-01,21.4,23.35,21.07,22.85,1207300,7.04
2004-10-25,23.,23.86,20.4,21.58,1904300,6.65
2004-10-18,23.94,24.05,22.76,23.17,730700,7.14
2004-10-11,24.25,24.47,23.75,23.94,534300,7.38
2004-10-04,24.7,25.,24.11,24.15,553600,7.44
2004-09-27,24.02,24.62,23.44,24.5,864600,7.55
2004-09-20,24.13,24.52,23.9,24.01,816400,7.4
2004-09-13,23.96,24.45,23.64,24.15,655300,7.44
2004-09-07,23.2,24.15,23.2,23.94,900400,7.38
2004-08-30,22.93,23.48,22.4,23.14,558400,7.13
2004-08-23,23.,23.08,22.54,22.99,496200,7.08
2004-08-16,22.2,23.45,22.15,23.,670800,7.09
2004-08-09,22.45,23.04,21.95,22.02,887500,6.78
2004-08-02,23.72,24.19,22.32,22.5,975600,6.93
2004-07-26,21.65,24.4,21.38,23.95,1354500,7.38
2004-07-19,22.6,22.78,21.21,21.7,787900,6.69
2004-07-12,23.3,23.45,22.48,22.58,743000,6.96
2004-07-06,24.6,24.63,22.96,23.27,989700,7.17
2004-06-28,23.63,25.35,23.53,24.56,1250800,7.57
2004-06-21,23.15,23.79,22.91,23.58,924700,7.26
2004-06-14,23.19,23.63,22.83,23.15,1219800,7.13
2004-06-07,23.05,23.76,22.94,23.34,1106400,7.19
2004-06-01,20.97,22.95,20.92,22.6,1256300,6.96
2004-05-24,19.85,21.12,19.7,20.95,754900,6.45
2004-05-17,20.27,20.64,19.47,19.8,764800,6.1
2004-05-10,20.4,20.85,19.7,20.39,877200,6.28
2004-05-03,21.38,21.97,20.54,20.58,974800,6.34
2004-04-26,22.09,23.1,21.31,21.37,1058500,6.58
2004-04-19,21.44,22.98,21.29,22.08,807200,6.8
2004-04-12,21.68,21.92,21.26,21.34,1209600,6.57
2004-04-05,21.32,21.99,21.32,21.67,1116500,6.68
2004-03-29,20.5,21.32,20.5,21.32,1151900,6.57
2004-03-22,20.49,20.58,19.51,20.5,944800,6.32
2004-03-15,20.9,21.22,20.41,20.49,1368400,6.31
2004-03-08,22.53,22.77,21.05,21.55,866800,6.64
2004-03-01,21.83,22.65,21.32,22.58,1047900,6.96
2004-02-23,21.25,21.98,20.85,21.73,1181700,6.69
2004-02-17,20.5,21.6,20.5,21.25,984700,6.55
2004-02-09,19.97,20.85,19.86,20.42,744300,6.29
2004-02-02,19.4,20.06,18.64,19.92,1494700,6.14
2004-01-26,20.84,20.98,18.69,19.25,1467400,5.93
2004-01-20,21.45,21.72,20.6,20.89,953300,6.44
2004-01-12,20.7,21.5,20.7,21.45,688900,6.61
2004-01-05,20.75,21.16,20.55,20.75,759600,6.39
2003-12-29,20.88,21.15,20.73,20.82,902700,6.41
2003-12-22,22.2,22.31,20.72,20.78,1331700,6.4
2003-12-15,22.6,22.71,21.6,22.16,607400,6.83
2003-12-08,21.97,22.93,21.79,22.31,801500,6.87
2003-12-01,21.8,22.72,21.8,21.97,846800,6.77
2003-11-24,20.4,21.47,20.4,21.28,689000,6.56
2003-11-17,20.,20.48,19.63,20.15,859900,6.21
2003-11-10,21.24,21.24,19.8,20.35,972900,6.27
2003-11-03,20.46,21.7,20.4,21.49,918000,6.62
2003-10-27,19.39,20.8,19.25,20.46,890200,6.3
2003-10-20,21.28,21.82,18.9,19.29,1685300,5.94
2003-10-13,21.3,22.14,21.18,21.18,988200,6.53
2003-10-06,21.,21.6,21.,21.2,1223100,6.53
2003-09-29,20.63,21.3,19.96,21.1,1313300,6.5
2003-09-22,22.15,22.86,20.51,20.63,1240600,6.36
2003-09-15,21.,22.35,21.,22.3,709200,6.87
2003-09-08,21.75,22.39,20.61,21.1,934700,6.5
2003-09-02,21.3,22.65,21.,21.82,1169200,6.72
2003-08-25,20.45,21.18,20.26,21.05,891400,6.49
2003-08-18,19.47,21.54,19.18,20.42,1505900,6.29
2003-08-11,18.18,19.41,18.06,19.37,609900,5.97
2003-08-04,19.08,19.49,17.89,18.15,899700,5.59
2003-07-28,19.05,19.64,18.81,19.,1015800,5.85
2003-07-21,18.6,20.,16.6,18.98,2584200,5.85
2003-07-14,19.18,19.4,18.89,19.18,772600,5.91
2003-07-07,19.02,20.1,18.79,19.11,1058300,5.89
2003-06-30,19.5,19.91,18.53,18.84,1694900,5.8
2003-06-23,19.25,19.68,18.51,19.5,950600,6.01
2003-06-16,19.36,19.85,19.03,19.47,790000,6.
2003-06-09,19.,19.77,18.58,19.36,722700,5.96
2003-06-02,18.15,19.58,17.9,19.02,978300,5.86
2003-05-27,17.4,18.15,17.35,18.15,939000,5.59
2003-05-19,17.65,17.65,16.66,17.42,1025500,5.37
2003-05-12,17.,17.79,16.95,17.65,1235500,5.44
2003-05-05,16.1,17.01,15.69,17.,1141600,5.24
2003-04-28,14.97,16.25,14.97,16.,1543900,4.93
2003-04-21,13.57,15.08,13.57,14.76,1385200,4.55
2003-04-14,12.37,13.66,12.35,13.5,804000,4.16
2003-04-07,11.94,12.65,11.85,12.37,601100,3.81
2003-03-31,11.55,12.24,11.14,11.75,1067900,3.62
2003-03-24,12.9,12.9,11.45,11.77,1304900,3.63
2003-03-17,10.82,13.09,10.77,13.02,843000,4.01
2003-03-10,11.58,11.65,10.4,10.82,961800,3.33
2003-03-03,12.06,12.06,10.5,11.58,1432800,3.57
2003-02-24,12.03,12.22,11.29,11.96,600600,3.68
2003-02-18,11.53,12.16,10.95,12.02,1072800,3.7
2003-02-10,11.61,11.98,11.08,11.25,960700,3.47
2003-02-03,12.,12.44,11.05,11.58,1548700,3.57
2003-01-27,12.4,12.4,11.48,11.72,1144600,3.61
2003-01-21,13.71,13.92,12.25,12.4,1464600,3.82
2003-01-13,14.83,15.1,13.63,13.71,1108500,4.22
2003-01-06,15.25,15.35,14.56,14.75,1133000,4.54
2002-12-30,14.8,15.43,14.2,15.32,830900,4.72
2002-12-23,14.25,15.18,14.24,14.75,639100,4.54
2002-12-16,14.47,15.2,13.89,14.1,1712800,4.34
2002-12-09,13.88,14.68,13.39,14.46,961000,4.45
2002-12-02,15.27,15.42,13.65,13.9,1231300,4.28
2002-11-25,14.3,15.6,14.25,15.22,848200,4.69
2002-11-18,13.95,14.5,13.33,14.3,1379800,4.41
2002-11-11,12.62,13.72,12.16,13.53,845600,4.17
2002-11-04,12.75,13.55,12.54,12.61,1008900,3.88
2002-10-28,12.2,12.53,11.05,12.36,1483300,3.81
2002-10-21,10.3,12.8,9.47,11.9,2799700,3.67
2002-10-14,8.3,9.85,8.19,9.54,1428600,2.94
2002-10-07,8.18,8.75,7.58,8.4,2339700,2.59
2002-09-30,8.85,10.25,8.02,8.17,3740200,2.52
2002-09-23,14.78,14.88,7.9,8.7,4773900,2.68
2002-09-16,17.4,17.4,14.6,14.78,1852000,4.55
2002-09-09,17.95,18.87,16.9,17.35,708100,5.35
2002-09-03,18.15,18.15,16.89,17.99,1213500,5.54
2002-08-26,18.35,19.13,17.72,18.33,933000,5.65
2002-08-19,17.6,19.08,17.5,18.19,827500,5.6
2002-08-12,17.35,17.98,16.47,17.56,1146000,5.41
2002-08-05,16.22,17.52,15.86,17.38,1706200,5.35
2002-07-29,16.71,17.99,16.07,16.22,1841700,5.
2002-07-22,24.2,24.6,11.5,16.61,8132300,5.12
2002-07-15,27.53,27.54,23.7,24.23,1910700,7.46
2002-07-08,28.1,28.41,27.1,27.53,1133200,8.48
2002-07-01,29.7,29.7,26.3,28.15,1615300,8.67
2002-06-24,30.79,31.,28.45,29.8,1550500,9.18
2002-06-17,30.68,32.31,30.68,30.79,851400,9.49
2002-06-10,31.52,32.1,29.95,30.68,728900,9.45
2002-06-03,31.85,32.07,29.15,31.6,995800,9.74
2002-05-28,33.5,33.55,30.8,31.97,1056900,9.85
2002-05-20,33.98,34.92,32.3,33.5,929500,10.32
2002-05-13,32.44,34.99,32.11,33.98,1058100,10.47
2002-05-06,34.5,34.51,32.28,32.44,998500,9.99
2002-04-29,33.95,35.09,33.15,34.8,1756000,10.72
2002-04-22,32.27,34.09,30.6,34.09,2142300,10.5
2002-04-15,31.9,32.95,30.74,32.27,4146900,9.94
2002-04-08,30.55,32.15,30.,32.09,914200,9.89
2002-04-01,32.,32.9,29.75,30.54,1243900,9.41
2002-03-25,30.18,32.43,30.,32.01,1061300,9.86
2002-03-18,30.51,32.1,29.77,29.98,1006800,9.24
2002-03-11,29.95,31.,29.65,30.5,532500,9.4
2002-03-04,28.45,30.29,28.45,30.05,909000,9.26
2002-02-25,28.59,29.25,27.65,28.3,1101500,8.72
2002-02-19,25.5,28.67,25.5,28.49,755100,8.78
2002-02-11,24.5,28.2,24.5,26.03,887600,8.02
2002-02-04,24.24,24.68,23.,24.48,1005700,7.54
2002-01-28,24.1,24.85,23.2,24.79,626200,7.64
2002-01-22,23.,24.52,22.65,23.97,826800,7.38
2002-01-14,25.22,25.22,22.93,23.08,779400,7.11
2002-01-07,26.1,26.65,24.51,25.21,706600,7.77
2001-12-31,26.5,27.02,26.04,26.34,662100,8.11
2001-12-24,26.,26.55,25.95,26.36,417600,8.12
2001-12-17,24.3,26.75,24.3,26.22,1026000,8.08
2001-12-10,25.45,25.98,24.15,24.17,897000,7.45
2001-12-03,24.52,26.,24.5,25.68,966300,7.91
2001-11-26,23.95,24.6,23.41,24.59,882300,7.58
2001-11-19,23.42,24.3,23.06,23.83,489900,7.34
2001-11-12,23.2,24.4,23.04,23.46,1643800,7.23
2001-11-05,23.65,24.1,22.9,23.51,582100,7.24
2001-10-29,24.05,25.1,22.11,24.9,432700,7.67
2001-10-22,21.2,24.3,19.7,24.15,967600,7.44
2001-10-15,20.2,22.43,20.18,21.21,535300,6.53
2001-10-08,20.52,21.25,20.05,20.48,359700,6.31
2001-10-01,19.4,21.01,18.7,20.77,486100,6.4
2001-09-24,19.58,21.5,19.4,19.75,532900,6.08
2001-09-10,25.,25.,18.9,19.33,491900,5.96
2001-09-04,24.8,25.55,24.6,25.22,465000,7.77
2001-08-27,25.54,25.85,24.78,24.95,349400,7.69
2001-08-20,25.05,25.68,24.9,25.54,816300,7.87
2001-08-13,25.29,25.85,24.74,25.25,667300,7.78
2001-08-06,25.8,26.19,24.88,25.29,557700,7.79
2001-07-30,25.,26.4,24.51,25.56,647500,7.87
2001-07-23,26.35,26.65,20.4,25.,2045200,7.7
2001-07-16,28.49,28.57,26.2,26.35,423100,8.12
2001-07-09,29.76,29.96,26.9,28.85,984000,8.89
2001-07-02,30.65,31.15,29.5,29.75,431400,9.17
2001-06-25,31.46,31.64,29.6,30.75,676200,9.47
2001-06-18,30.65,32.7,30.18,31.87,746500,9.82
2001-06-11,31.7,32.2,30.,30.65,469600,9.44
2001-06-04,30.35,32.6,30.05,31.64,518100,9.75
2001-05-29,31.41,31.41,29.49,30.29,450100,9.33
2001-05-21,31.85,33.3,30.8,31.41,719200,9.68
2001-05-14,28.89,32.08,28.87,31.75,892000,9.78
2001-05-07,28.5,29.89,28.39,28.64,697100,8.82
2001-04-30,28.29,28.74,27.21,28.73,826300,8.85
2001-04-23,24.65,28.29,24.05,28.29,937500,8.72
2001-04-16,23.75,26.,23.31,24.5,919900,7.55
2001-04-09,22.7,23.93,22.7,23.85,530200,7.35
2001-04-02,22.24,23.1,20.76,22.78,393700,7.02
2001-03-26,20.9,22.72,19.6,22.44,551100,6.91
2001-03-19,20.9,21.55,19.22,21.01,302200,6.47
2001-03-12,23.25,23.28,20.75,20.77,278500,6.4
2001-03-05,22.1,24.35,22.,23.25,591700,7.16
2001-02-26,22.15,22.5,20.27,22.,427300,6.78
2001-02-20,21.8,23.,21.76,22.3,479100,6.87
2001-02-12,20.9,21.9,20.85,21.59,422800,6.65
2001-02-05,22.55,23.35,20.2,20.9,801100,6.44
2001-01-29,22.5,22.99,22.45,22.8,251900,7.02
2001-01-22,23.19,23.5,21.94,22.44,550100,6.91
2001-01-16,21.56,23.44,21.13,23.12,375900,7.12
2001-01-08,20.62,21.94,20.5,21.69,282300,6.68
2001-01-02,21.38,22.12,20.44,20.44,495500,6.3
2000-12-26,20.69,23.5,20.56,21.38,479100,6.59
2000-12-18,19.69,20.81,18.,20.81,390700,6.41
2000-12-11,20.75,21.94,19.44,19.5,305000,6.01
2000-12-04,20.87,21.,19.44,20.75,432600,6.39
2000-11-27,20.38,21.13,20.25,21.,850500,6.47
2000-11-20,20.38,20.44,19.88,20.25,139100,6.24
2000-11-13,19.63,20.5,19.25,20.31,222100,6.26
2000-11-06,19.69,19.88,19.44,19.75,413900,6.08
2000-10-30,18.44,20.44,18.19,19.5,478200,6.01
2000-10-23,16.19,18.69,16.19,18.44,284700,5.68
2000-10-16,16.44,16.75,16.12,16.12,210200,4.97
2000-10-09,16.25,16.44,16.19,16.37,119100,5.04
2000-10-02,16.44,16.94,16.19,16.31,243300,5.03
2000-09-25,16.19,17.19,16.19,16.44,282100,5.06
2000-09-18,17.94,17.94,16.,16.06,403600,4.95
2000-09-11,18.19,18.38,17.69,17.94,284200,5.53
2000-09-05,18.38,18.75,18.13,18.19,172600,5.6
2000-08-30,18.62,18.88,18.13,18.31,483300,5.64
2000-08-21,17.38,17.81,17.25,17.69,284700,5.45
2000-08-14,16.81,17.87,16.63,17.31,563400,5.33
2000-08-07,15.88,16.75,15.69,16.75,225300,5.16
2000-07-31,15.19,16.12,15.,15.62,425400,4.81
2000-07-24,15.,15.38,14.75,15.13,213700,4.66
2000-07-17,15.38,15.38,14.5,14.94,381800,4.6
2000-07-10,15.13,15.88,14.75,15.38,549800,4.74
2000-07-03,15.13,15.75,15.,15.06,181500,4.64
2000-06-26,14.69,15.94,14.69,15.06,257700,4.64
2000-06-19,15.88,16.19,14.5,14.81,263300,4.56
2000-06-12,16.75,16.81,15.69,15.69,300400,4.83
2000-06-05,17.56,17.69,16.81,16.81,272300,5.18
2000-05-30,16.12,16.94,16.,16.44,212200,5.06
2000-05-22,16.69,17.,15.75,16.12,241800,4.97
2000-05-15,17.31,17.31,16.5,16.81,294100,5.18
2000-05-08,16.12,17.69,15.81,17.31,422100,5.33
2000-05-01,14.06,16.25,13.94,16.25,1018800,5.01
2000-04-24,13.19,14.44,12.,14.12,2012700,4.35
2000-04-17,13.44,13.44,12.81,13.12,216400,4.04
2000-04-10,13.56,13.75,12.56,13.44,419500,4.14
2000-04-03,12.88,13.5,12.81,13.5,353100,4.16
2000-03-27,13.5,13.63,12.75,12.88,424500,3.97
2000-03-20,12.62,13.56,12.13,13.56,992700,4.18
2000-03-13,11.38,12.62,11.38,12.56,1125900,3.87
2000-03-06,11.5,11.81,10.56,11.38,952600,3.5
2000-02-28,11.5,11.62,11.,11.25,235900,3.47
2000-02-22,11.87,12.,11.38,11.5,250500,3.54
2000-02-14,12.56,12.56,11.69,11.75,706900,3.62
2000-02-07,15.75,15.75,12.88,12.94,812700,3.99
2000-01-31,15.38,15.62,14.87,15.56,106800,4.79
2000-01-24,16.12,16.31,15.19,15.38,124300,4.74
2000-01-18,15.88,16.5,15.75,16.19,158100,4.99
2000-01-10,16.5,16.5,15.81,16.,78400,4.93
2000-01-03,17.,17.,16.06,16.56,113400,5.1
1999-12-27,15.81,17.19,15.81,17.,138400,5.24
1999-12-20,15.69,16.56,15.5,16.06,128600,4.95
1999-12-13,15.94,16.5,15.62,15.62,200400,4.81
1999-12-06,17.62,17.62,15.38,15.69,318700,4.83
1999-11-29,16.88,17.87,16.88,17.5,149900,5.39
1999-11-22,17.31,17.5,16.44,16.88,152200,5.2
1999-11-15,16.31,17.75,16.31,17.31,202000,5.33
1999-11-08,17.,17.19,16.63,16.69,86100,5.14
1999-11-01,16.8,17.29,16.74,16.94,230400,5.22
1999-10-25,15.56,16.74,15.25,16.74,201800,5.11
1999-10-18,15.62,15.93,15.43,15.56,121600,4.75
1999-10-11,16.61,16.61,15.56,15.62,116800,4.77
1999-10-04,16.36,16.8,16.3,16.55,233200,5.06
1999-09-27,16.36,16.67,16.18,16.36,235600,5.
1999-09-20,17.11,17.36,16.24,16.36,187200,5.
1999-09-13,15.87,17.11,15.74,16.98,378600,5.19
1999-09-07,15.87,16.24,15.81,15.93,164200,4.87
1999-08-30,15.43,16.3,15.37,15.87,159900,4.85
1999-08-23,15.74,16.3,15.43,15.43,415700,4.72
1999-08-16,15.93,15.99,15.5,15.81,175300,4.83
1999-08-09,16.36,16.36,15.5,15.87,403900,4.85
1999-08-02,17.21,17.27,15.99,16.3,173400,4.98
1999-07-26,18.57,18.69,17.03,17.27,264300,5.23
1999-07-19,19.43,19.43,18.5,18.63,208200,5.64
1999-07-12,18.38,19.67,18.38,19.61,563300,5.94
1999-07-06,18.26,19.12,18.07,18.63,378500,5.64
1999-06-28,20.16,20.23,17.95,18.32,436600,5.55
1999-06-21,20.35,20.87,20.23,20.29,109000,6.15
1999-06-14,21.02,21.02,20.04,20.35,688900,6.17
1999-06-07,20.78,21.21,20.53,20.96,334100,6.35
1999-06-01,20.16,20.9,20.1,20.84,229800,6.31
1999-05-24,20.72,20.84,20.1,20.16,613000,6.11
1999-05-17,20.35,21.02,19.61,20.72,233400,6.28
1999-05-10,19.98,21.02,19.92,20.47,258000,6.2
1999-05-03,18.2,20.82,18.08,19.92,551700,6.03
1999-04-26,17.47,18.5,17.47,18.2,237100,5.48
1999-04-19,17.53,19.05,17.1,17.47,831600,5.26
1999-04-12,15.14,17.4,15.02,17.34,829800,5.22
1999-04-05,15.21,15.33,14.96,15.14,188200,4.56
1999-03-29,15.21,15.51,14.66,15.14,199600,4.56
1999-03-22,15.76,15.82,14.72,15.08,230600,4.54
1999-03-15,15.69,15.94,15.27,15.57,164800,4.69
1999-03-08,15.45,15.82,14.66,15.63,259900,4.7
1999-03-01,15.92,16.06,14.78,15.33,228300,4.61
1999-02-22,15.98,16.46,15.56,16.04,294200,4.78
1999-02-16,15.98,15.98,15.43,15.86,167700,4.73
1999-02-08,16.28,16.95,15.5,15.86,333400,4.73
1999-02-01,16.4,16.77,16.28,16.34,380300,4.87
1999-01-25,15.43,16.52,15.37,16.28,340900,4.86
1999-01-19,15.92,15.92,15.01,15.43,224800,4.6
1999-01-11,15.62,15.8,15.25,15.8,322600,4.71
1999-01-04,16.1,16.65,15.43,15.98,398400,4.76
1998-12-28,15.5,16.04,15.25,16.04,453500,4.78
1998-12-21,15.68,15.86,14.89,15.43,499900,4.6
1998-12-14,16.22,16.59,15.37,15.62,515700,4.66
1998-12-07,16.4,16.59,15.98,16.22,364300,4.84
1998-11-30,17.31,17.43,16.34,16.34,742800,4.87
1998-11-23,17.07,17.25,16.71,17.13,383900,5.11
1998-11-16,17.07,17.37,16.59,16.71,242700,4.98
1998-11-09,17.43,17.43,16.4,16.83,168500,5.02
1998-11-02,17.48,17.96,17.07,17.43,350600,5.2
1998-10-26,19.04,19.04,16.82,17.3,377600,5.11
1998-10-19,18.26,19.58,18.26,18.92,382800,5.59
1998-10-12,17.24,18.56,16.63,18.26,264400,5.4
1998-10-05,17.9,17.96,16.39,17.24,180100,5.1
1998-09-28,18.92,19.46,17.78,17.96,254400,5.31
1998-09-21,18.26,19.22,17.78,19.1,219000,5.65
1998-09-14,18.26,18.8,18.2,18.26,256400,5.4
1998-09-08,17.54,18.32,17.54,18.08,579300,5.35
1998-08-31,18.2,18.44,17.06,17.42,499800,5.15
1998-08-24,19.82,20.36,18.02,18.08,468400,5.35
1998-08-17,20.12,20.78,18.8,19.82,358000,5.86
1998-08-10,21.56,21.56,20.42,20.42,495100,6.04
1998-08-03,20.89,21.98,20.59,21.56,767500,6.38
1998-07-27,21.72,21.72,20.83,20.83,706700,6.12
1998-07-20,22.91,23.03,21.54,21.6,358900,6.35
1998-07-13,22.26,22.68,21.36,22.68,330900,6.66
1998-07-06,24.05,24.05,22.2,22.26,373800,6.54
1998-06-29,24.23,24.35,23.15,23.93,349600,7.03
1998-06-22,24.53,24.76,23.39,24.11,434600,7.08
1998-06-15,24.7,25.,24.23,24.53,658800,7.2
1998-06-08,27.27,27.51,24.11,24.76,419500,7.27
1998-06-01,27.81,28.28,27.03,27.03,225400,7.94
1998-05-26,28.4,28.52,27.69,27.81,261800,8.17
1998-05-18,28.05,28.58,27.69,28.52,197000,8.38
1998-05-11,28.52,28.7,28.05,28.05,241300,8.24
1998-05-04,28.28,28.82,27.81,28.46,537000,8.36
1998-04-27,29.46,29.46,27.75,28.11,412400,8.26
1998-04-20,29.22,29.88,28.98,29.4,235600,8.59
1998-04-13,28.81,30.41,28.57,29.34,170800,8.58
1998-04-06,30.41,30.59,28.75,28.75,559100,8.4
1998-03-30,31.24,31.36,30.05,30.41,251200,8.89
1998-03-23,31.42,31.84,30.23,31.3,571600,9.15
1998-03-16,30.59,32.07,30.59,31.42,369700,9.18
1998-03-09,30.94,31.,29.64,30.71,279600,8.98
1998-03-02,29.86,31.84,29.86,31.06,420700,9.08
1998-02-23,29.21,30.69,29.21,29.98,347400,8.72
1998-02-17,29.21,29.81,28.39,28.8,318600,8.38
1998-02-09,27.14,29.92,27.14,29.63,585700,8.62
1998-02-02,25.49,27.85,25.49,27.2,209600,7.92
1998-01-26,25.78,25.78,25.07,25.43,249900,7.4
1998-01-20,26.43,26.73,25.72,25.78,148400,7.5
1998-01-12,25.43,26.49,25.19,26.43,160800,7.69
1998-01-05,26.02,26.43,25.13,25.67,534000,7.47
1997-12-29,25.13,26.43,25.13,26.02,283100,7.57
1997-12-22,26.43,26.43,24.6,25.13,380400,7.31
1997-12-15,27.44,27.85,26.02,26.49,405100,7.71
1997-12-08,27.62,28.56,27.08,27.32,508000,7.95
1997-12-01,25.43,28.15,24.9,27.74,621900,8.07
1997-11-24,26.97,26.97,25.13,25.43,388000,7.4
1997-11-17,26.49,27.32,26.26,26.61,130500,7.74
1997-11-10,27.14,27.68,25.31,26.43,319300,7.69
1997-11-03,28.02,28.15,26.85,27.03,421300,7.86
1997-10-27,28.02,28.31,27.43,28.02,407700,8.11
1997-10-20,27.66,28.6,27.55,28.02,396200,8.11
1997-10-13,27.66,27.78,26.96,27.78,646500,8.04
1997-10-06,28.49,28.78,27.13,27.66,341800,8.01
1997-09-29,28.66,28.9,28.13,28.55,460800,8.26
1997-09-22,28.72,29.02,27.66,28.66,503400,8.3
1997-09-15,32.31,32.55,28.49,29.02,782800,8.4
1997-09-08,33.02,33.43,31.67,32.43,443200,9.39
1997-09-02,33.25,34.31,32.55,32.96,439600,9.54
1997-08-25,32.78,33.61,32.67,33.2,248900,9.61
1997-08-18,32.43,33.61,32.43,32.9,421800,9.53
1997-08-11,32.14,32.61,31.72,32.43,246100,9.39
1997-08-04,31.83,32.72,31.53,32.14,572700,9.3
1997-07-28,31.65,32.12,30.24,32.,395200,9.22
1997-07-21,31.89,34.35,31.24,31.65,382300,9.12
1997-07-14,30.48,31.89,30.01,31.89,350400,9.19
1997-07-07,27.2,30.48,26.85,30.24,261100,8.72
1997-06-30,27.43,27.67,27.2,27.49,228900,7.92
1997-06-23,27.43,27.9,27.31,27.55,336100,7.94
1997-06-16,26.73,28.13,26.61,27.55,371500,7.94
1997-06-09,26.26,27.2,25.79,26.85,363400,7.74
1997-06-02,26.26,26.26,25.67,26.2,154300,7.55
1997-05-27,25.67,26.49,25.44,26.49,272100,7.64
1997-05-19,25.32,26.02,24.62,25.67,292200,7.4
1997-05-12,24.62,25.32,24.27,25.2,321900,7.27
1997-05-05,24.48,25.65,23.78,24.27,1406400,6.99
1997-04-28,22.39,24.83,22.39,24.72,237800,7.08
1997-04-21,21.69,22.85,21.22,22.74,559000,6.52
1997-04-14,20.52,21.22,20.05,21.22,112200,6.08
1997-04-07,20.52,20.75,19.82,20.29,214900,5.81
1997-03-31,21.22,21.22,20.17,20.23,265200,5.8
1997-03-24,21.8,22.15,20.87,20.87,378300,5.98
1997-03-17,21.8,22.62,21.69,21.8,209200,6.25
1997-03-10,21.45,22.39,20.99,21.92,275700,6.28
1997-03-03,20.99,21.45,20.75,21.39,621600,6.13
1997-02-24,22.6,22.6,20.75,20.87,323100,5.98
1997-02-18,22.02,23.18,22.02,22.25,368800,6.33
1997-02-10,23.87,24.22,20.86,22.02,1384300,6.27
1997-02-03,24.91,24.91,23.64,24.33,271200,6.93
1997-01-27,24.45,24.91,24.45,24.62,272500,7.01
1997-01-20,24.57,25.15,24.22,24.45,221300,6.96
1997-01-13,23.64,24.57,23.29,24.57,775500,6.99
1997-01-06,24.33,24.8,23.18,23.47,444900,6.68
1996-12-30,24.45,25.15,24.33,24.57,101800,6.99
1996-12-23,24.57,25.03,24.45,24.8,93000,7.06
1996-12-16,25.26,25.26,24.57,25.03,79700,7.13
1996-12-09,25.26,25.38,24.8,25.03,90000,7.13
1996-12-02,25.49,25.49,24.33,25.03,195300,7.13
1996-11-25,24.22,25.49,24.1,25.03,351100,7.13
1996-11-18,24.8,25.49,23.64,24.22,307000,6.89
1996-11-11,24.8,25.72,24.8,24.8,152800,7.06
1996-11-04,24.68,25.26,23.41,24.8,108500,7.06
1996-10-28,24.68,25.14,24.68,24.91,250300,7.05
1996-10-21,24.68,25.14,23.99,24.56,259300,6.96
1996-10-14,24.45,25.37,24.45,24.91,103400,7.05
1996-10-07,25.95,26.29,24.45,24.91,216400,7.05
1996-09-30,25.25,26.06,24.22,25.89,496000,7.33
1996-09-23,24.91,25.37,24.45,25.25,270900,7.15
1996-09-16,23.06,24.79,23.06,24.68,943000,6.99
1996-09-09,23.29,23.99,21.91,23.64,251800,6.69
1996-09-03,24.45,24.68,23.06,23.64,903300,6.69
1996-08-26,23.52,25.14,23.29,24.91,198000,7.05
1996-08-19,22.83,23.75,22.6,23.75,270300,6.73
1996-08-12,22.02,23.29,22.02,22.83,564700,6.47
1996-08-05,21.33,22.02,21.33,21.97,177300,6.22
1996-07-29,19.96,21.56,19.96,21.33,391400,6.
1996-07-22,19.73,20.87,17.66,19.67,788400,5.54
1996-07-15,21.56,21.56,19.27,19.27,467700,5.42
1996-07-08,22.25,22.59,20.64,21.33,309300,6.
1996-07-01,22.25,22.94,21.79,22.36,189400,6.3
1996-06-24,22.48,23.4,21.56,22.02,418400,6.2
1996-06-17,22.36,22.48,21.1,21.79,502300,6.13
1996-06-10,24.08,24.54,22.25,22.36,152700,6.3
1996-06-03,25.46,26.95,22.48,23.85,326300,6.72
1996-05-28,26.38,26.38,25.23,25.92,118500,7.3
1996-05-20,25.69,26.84,25.46,25.92,242200,7.3
1996-05-13,25.,26.15,25.,25.69,500800,7.23
1996-05-06,21.91,25.46,21.91,25.,595600,7.04
1996-04-29,23.74,24.19,21.91,22.02,607300,6.17
1996-04-22,24.88,25.33,23.74,24.19,444000,6.77
1996-04-15,23.74,25.68,23.28,24.99,295800,7.
1996-04-08,23.96,24.19,23.05,23.51,226500,6.58
1996-04-01,25.1,25.33,23.96,24.19,522300,6.77
1996-03-25,26.25,26.25,24.65,25.1,273300,7.03
1996-03-18,26.02,26.25,25.33,26.07,248100,7.3
1996-03-11,23.74,26.7,23.28,26.02,362300,7.28
1996-03-04,24.88,25.79,23.51,23.51,233200,6.58
1996-02-26,24.88,25.56,24.42,24.42,876500,6.84
1996-02-20,22.93,24.88,22.48,24.88,555400,6.96
1996-02-12,23.16,24.52,22.25,23.16,710100,6.45
1996-02-05,20.32,23.05,19.98,22.93,437200,6.38
1996-01-29,19.07,21.34,18.62,20.89,750000,5.81
1996-01-22,20.55,20.89,18.62,18.84,788700,5.25
1996-01-15,22.93,23.16,20.43,20.66,465200,5.75
1996-01-08,23.61,23.61,22.7,22.93,115300,6.38
1996-01-02,21.12,24.07,20.89,23.61,738600,6.57
1995-12-26,21.8,21.8,20.43,21.23,387100,5.91
1995-12-18,22.48,22.93,21.34,21.65,393700,6.03
1995-12-11,25.2,25.2,22.7,22.93,310500,6.38
1995-12-04,25.43,25.43,24.75,24.86,143000,6.92
1995-11-27,25.66,26.34,24.97,25.2,317300,7.02
1995-11-20,24.97,26.11,24.52,25.88,309000,7.2
1995-11-13,24.63,24.97,24.29,24.52,205400,6.83
1995-11-06,24.97,24.97,24.52,24.97,43900,6.95
1995-10-30,24.64,24.97,24.19,24.52,232000,6.83
1995-10-23,24.42,25.55,24.19,24.64,795800,6.83
1995-10-16,25.09,26.45,24.42,24.64,374600,6.83
1995-10-09,26.11,26.11,24.42,24.9,177000,6.9
1995-10-02,26.45,26.45,25.77,25.83,288200,7.16
1995-09-25,26.11,26.45,25.55,26.45,275200,7.33
1995-09-18,26.,26.34,25.77,26.,152600,7.2
1995-09-11,25.32,27.35,25.32,26.34,687500,7.3
1995-09-05,23.06,26.22,22.72,24.87,811800,6.89
1995-08-28,22.38,23.06,22.38,22.72,106600,6.29
1995-08-21,22.61,23.06,21.93,22.72,156800,6.29
1995-08-14,22.78,22.83,22.15,22.49,48000,6.23
1995-08-07,22.83,23.06,22.38,22.83,165900,6.33
1995-07-31,22.95,22.95,21.93,22.61,252600,6.26
1995-07-24,21.6,23.74,21.38,22.95,492900,6.33
1995-07-17,21.94,22.28,21.15,21.38,329700,5.89
1995-07-10,20.48,22.5,20.48,21.6,310800,5.95
1995-07-03,20.25,21.04,20.03,21.04,233700,5.8
1995-06-26,19.8,20.48,19.35,20.25,166200,5.58
1995-06-19,19.8,20.25,19.8,20.03,101200,5.52
1995-06-12,18.9,20.2,18.9,20.14,364200,5.55
1995-06-05,18.68,19.24,18.45,18.96,229500,5.23
1995-05-30,18.9,19.13,18.45,18.56,247100,5.12
1995-05-22,18.68,19.35,18.68,19.13,146000,5.27
1995-05-15,18.9,19.01,18.68,18.79,275200,5.18
1995-05-08,19.13,19.35,18.9,18.96,140400,5.23
1995-05-01,19.46,19.58,19.13,19.18,317500,5.29
1995-04-24,20.15,20.15,19.36,19.42,427600,5.32
1995-04-17,18.8,21.04,18.8,21.04,319800,5.76
1995-04-10,18.91,19.25,18.8,18.8,294200,5.15
1995-04-03,18.58,19.25,18.35,18.8,310000,5.15
1995-03-27,18.13,18.58,18.13,18.35,295200,5.03
1995-03-20,17.91,18.35,17.91,18.13,350100,4.97
1995-03-13,17.12,18.13,17.01,18.13,143700,4.97
1995-03-06,16.79,17.46,16.56,17.01,310900,4.66
1995-02-27,16.34,17.01,16.34,16.96,242100,4.65
1995-02-21,16.17,16.56,16.12,16.4,125100,4.49
1995-02-13,15.79,17.01,15.79,16.,678500,4.38
1995-02-06,16.46,16.91,15.79,16.24,332600,4.42
1995-01-30,16.02,16.35,16.02,16.35,420700,4.45
1995-01-23,15.79,16.46,15.79,16.02,299400,4.36
1995-01-16,15.57,16.24,15.35,15.79,93600,4.3
1995-01-09,15.35,16.24,15.13,16.02,401800,4.36
1995-01-03,15.57,15.79,15.35,15.68,107900,4.27
1994-12-27,15.13,16.02,15.13,15.79,111900,4.3
1994-12-19,15.35,15.35,15.13,15.35,305900,4.18
1994-12-12,14.9,15.35,14.9,15.13,70000,4.12
1994-12-05,15.35,15.57,14.9,15.13,336200,4.12
1994-11-28,15.35,15.57,14.9,15.35,112300,4.18
1994-11-21,15.79,15.9,15.35,15.46,113400,4.21
1994-11-14,16.02,16.24,15.79,16.02,353400,4.36
1994-11-07,16.24,16.24,16.02,16.02,258900,4.36
1994-10-31,15.13,16.46,15.13,16.13,668800,4.39
1994-10-24,14.59,15.26,14.59,15.26,175400,4.12
1994-10-17,14.15,14.81,14.15,14.59,214200,3.94
1994-10-10,13.71,14.59,13.71,14.59,107500,3.94
1994-10-03,13.93,14.37,13.71,13.93,183900,3.76
1994-09-26,14.81,14.81,13.93,13.93,107900,3.76
1994-09-19,13.93,14.81,13.93,14.37,260600,3.88
1994-09-12,15.7,15.7,13.49,13.93,297300,3.76
1994-09-06,16.14,16.14,15.26,15.7,177300,4.24
1994-08-29,15.7,16.36,15.26,15.7,111500,4.24
1994-08-22,16.14,16.58,15.03,15.7,163300,4.24
1994-08-15,15.7,16.58,15.26,16.36,95900,4.42
1994-08-08,15.48,15.92,15.03,15.48,68700,4.18
1994-08-01,15.26,15.48,13.93,15.48,153700,4.18
1994-07-25,15.16,16.04,14.72,14.72,130200,3.95
1994-07-18,14.94,15.38,14.06,14.72,341800,3.95
1994-07-11,14.06,15.6,13.84,14.94,221100,4.01
1994-07-05,14.5,14.72,13.84,14.28,60000,3.83
1994-06-27,14.5,15.16,14.06,14.72,157900,3.95
1994-06-20,15.38,15.38,14.72,14.72,96500,3.95
1994-06-13,14.5,15.6,14.5,15.38,454500,4.13
1994-06-06,14.06,14.94,13.62,14.61,303900,3.92
1994-05-31,13.18,13.84,12.63,13.84,385800,3.71
1994-05-23,13.4,13.62,13.18,13.18,179100,3.54
1994-05-16,13.18,13.84,13.18,13.4,400600,3.6
1994-05-09,13.84,14.28,13.18,13.29,228400,3.57
1994-05-02,14.94,15.16,13.84,14.28,209800,3.83
1994-04-25,14.85,15.07,14.63,14.74,250300,3.93
1994-04-18,15.07,15.07,13.97,14.85,197800,3.95
1994-04-11,15.5,15.72,14.63,15.07,168100,4.01
1994-04-04,14.85,15.94,14.41,15.61,230400,4.16
1994-03-28,17.47,17.47,14.85,15.07,123300,4.01
1994-03-21,24.45,25.98,24.45,25.98,128000,4.61
1994-03-14,24.67,24.89,24.02,24.89,271500,4.42
1994-03-07,24.02,24.78,24.02,24.34,405600,4.32
1994-02-28,23.01,24.24,22.57,24.02,270900,4.26
1994-02-22,22.79,23.22,22.57,22.57,247800,3.98
1994-02-14,24.31,24.31,23.01,23.01,168700,4.06
1994-02-07,23.22,24.74,23.22,24.31,346900,4.29
1994-01-31,21.27,24.74,20.84,24.09,1112100,4.25
1994-01-24,20.19,21.05,19.32,20.84,349000,3.67
1994-01-17,20.19,20.62,19.97,20.62,113000,3.64
1994-01-10,20.84,21.27,20.19,20.19,231900,3.56
1994-01-03,19.97,21.49,19.97,20.84,85600,3.67
1993-12-27,19.32,20.4,18.88,20.4,83000,3.6
1993-12-20,19.32,19.32,18.88,18.88,69600,3.33
1993-12-13,19.32,19.32,18.67,19.21,361200,3.39
1993-12-06,19.53,19.53,18.67,18.67,444300,3.29
1993-11-29,19.75,19.75,19.1,19.1,147400,3.37
1993-11-22,20.4,20.4,19.1,19.32,68500,3.41
1993-11-15,20.19,20.62,19.75,20.4,112800,3.6
1993-11-08,19.86,20.62,19.75,20.62,58800,3.64
1993-11-01,19.4,20.27,18.97,19.97,204300,3.52
1993-10-25,19.19,19.4,18.54,19.4,348800,3.4
1993-10-18,20.05,20.48,18.76,18.97,159200,3.32
1993-10-11,20.05,20.05,19.19,19.62,65400,3.43
1993-10-04,19.83,20.05,19.4,19.83,53100,3.47
1993-09-27,21.13,21.13,19.83,20.05,103200,3.51
1993-09-20,21.34,21.56,20.7,20.91,67000,3.66
1993-09-13,21.56,21.78,21.13,21.13,88500,3.7
1993-09-07,21.99,21.99,21.56,21.78,119400,3.81
1993-08-30,20.27,21.99,20.27,21.78,240200,3.81
1993-08-23,20.48,20.7,20.05,20.27,199800,3.55
1993-08-16,20.7,20.7,20.05,20.7,100200,3.62
1993-08-09,19.83,20.7,19.4,20.37,167900,3.57
1993-08-02,20.05,20.7,19.4,19.83,217800,3.47
1993-07-26,20.14,21.42,19.92,19.92,565700,3.46
1993-07-19,19.71,20.78,18.85,20.56,183300,3.57
1993-07-12,18.85,19.71,18.85,19.71,108100,3.42
1993-07-06,19.06,19.28,18.85,19.28,216000,3.35
1993-06-28,18.85,19.28,18.64,18.96,295500,3.29
1993-06-21,19.28,19.71,18.85,19.06,183700,3.31
1993-06-14,20.14,20.35,19.28,19.28,276400,3.35
1993-06-07,22.49,22.49,20.14,20.24,205400,3.52
1993-06-01,21.85,22.49,21.21,22.06,617200,3.83
1993-05-24,19.49,22.06,19.49,21.85,287500,3.79
1993-05-17,18.42,19.28,18.42,19.28,180200,3.35
1993-05-10,17.99,18.85,17.99,17.99,532100,3.13
1993-05-03,18.64,18.64,17.78,17.99,132000,3.13
1993-04-26,18.72,18.72,18.08,18.51,350700,3.19
1993-04-19,18.93,19.57,18.29,18.29,200600,3.15
1993-04-12,19.36,19.36,18.93,18.93,44100,3.26
1993-04-05,19.15,19.78,18.93,18.93,112500,3.26
1993-03-29,20.42,20.42,19.36,19.36,86300,3.33
1993-03-22,18.72,20.42,18.72,20.21,279800,3.48
1993-03-15,19.15,19.15,18.51,19.15,234600,3.3
1993-03-08,18.93,19.78,18.51,18.51,467700,3.19
1993-03-01,21.49,21.49,20.,20.63,138800,3.55
1993-02-22,22.12,22.12,21.27,21.49,145700,3.7
1993-02-16,22.21,22.21,21.36,21.78,409200,3.73
1993-02-08,21.99,23.05,21.36,22.21,312600,3.8
1993-02-01,20.73,21.99,20.51,21.57,91000,3.69
1993-01-25,20.3,20.73,19.88,20.62,76300,3.53
1993-01-18,21.15,21.36,19.88,20.3,306400,3.47
1993-01-11,20.3,21.15,19.88,21.15,105400,3.62
1993-01-04,20.94,20.94,19.88,20.3,58900,3.47
1992-12-28,20.51,20.94,20.09,20.94,130500,3.58
1992-12-21,20.3,20.73,19.67,20.3,224300,3.47
1992-12-14,20.51,21.15,20.3,20.41,99400,3.49
1992-12-07,20.51,21.15,20.51,20.51,197800,3.51
1992-11-30,21.36,21.36,20.51,20.94,213400,3.58
1992-11-23,21.57,21.57,20.94,21.15,52200,3.62
1992-11-16,21.15,21.57,20.94,21.25,63200,3.64
1992-11-09,21.57,22.84,20.94,21.57,212200,3.69
1992-11-02,20.73,21.78,20.3,21.36,197500,3.65
1992-10-26,19.13,21.02,19.13,20.6,182700,3.5
1992-10-19,18.71,19.76,18.29,19.76,118200,3.36
1992-10-12,18.71,18.71,18.29,18.5,98500,3.14
1992-10-05,18.71,18.71,18.08,18.71,93700,3.18
1992-09-28,18.5,18.92,18.29,18.71,120300,3.18
1992-09-21,18.71,18.92,17.87,18.5,676600,3.14
1992-09-14,19.13,19.55,18.08,18.39,420500,3.12
1992-09-08,18.5,19.34,18.5,19.34,138200,3.28
1992-08-31,19.34,19.76,18.29,18.5,212500,3.14
1992-08-24,20.39,20.39,19.13,19.76,122800,3.36
1992-08-17,19.97,20.91,19.97,19.97,47600,3.39
1992-08-10,19.55,20.6,19.13,20.6,70600,3.5
1992-08-03,19.97,20.18,19.55,19.86,57700,3.37
1992-07-27,20.47,21.1,19.63,20.05,75000,3.38
1992-07-20,19.63,20.89,19.43,20.89,53900,3.52
1992-07-13,19.84,20.26,19.63,19.63,60600,3.31
1992-07-06,21.93,22.14,19.01,19.84,162700,3.35
1992-06-29,21.1,22.35,21.1,21.93,93900,3.7
1992-06-22,19.63,21.51,19.63,21.1,50100,3.56
1992-06-15,20.89,21.31,19.22,20.05,235400,3.38
1992-06-08,22.56,22.56,20.89,20.89,204800,3.52
1992-06-01,22.77,22.77,21.93,22.14,65100,3.73
1992-05-26,22.98,22.98,22.35,22.35,175500,3.77
1992-05-18,23.81,23.81,22.98,22.98,261000,3.87
1992-05-11,22.77,24.23,22.35,23.5,203500,3.96
1992-05-04,22.14,22.77,22.14,22.66,52400,3.82
1992-04-27,22.64,23.06,22.02,22.64,152800,3.79
1992-04-20,22.23,23.47,21.81,23.06,154900,3.86
1992-04-13,21.19,22.85,20.77,22.23,276900,3.72
1992-04-06,21.19,21.4,20.57,20.77,85900,3.48
1992-03-30,22.23,22.43,20.57,20.77,113500,3.48
1992-03-23,23.47,23.68,22.02,22.23,247100,3.72
1992-03-16,22.02,23.68,21.4,23.27,225600,3.9
1992-03-09,21.19,22.64,20.57,21.81,127900,3.65
1992-03-02,20.36,21.81,19.94,21.19,269200,3.55
1992-02-24,19.94,20.57,19.32,20.36,253600,3.41
1992-02-18,19.73,19.94,19.11,19.63,224800,3.29
1992-02-10,18.99,19.3,17.75,19.3,306900,3.21
1992-02-03,18.58,19.4,18.16,18.58,96500,3.09
1992-01-27,18.99,19.61,18.37,18.78,83800,3.12
1992-01-20,18.99,19.61,18.99,19.19,54900,3.19
1992-01-13,19.19,19.81,18.16,19.61,186800,3.26
1992-01-06,19.81,21.05,19.4,19.71,230100,3.28
1991-12-30,18.16,20.64,17.96,20.23,253700,3.36
1991-12-23,17.13,18.78,17.13,17.96,220400,2.98
1991-12-16,17.54,18.16,17.13,17.34,335300,2.88
1991-12-09,18.37,18.37,17.34,18.16,119500,3.02
1991-12-02,18.78,18.78,17.96,18.37,67800,3.05
1991-11-25,17.34,18.78,17.34,18.58,159100,3.09
1991-11-18,16.72,17.75,16.72,17.54,289600,2.91
1991-11-11,17.34,17.54,16.72,17.54,107400,2.91
1991-11-04,17.54,17.96,17.23,17.54,229800,2.91
1991-10-28,18.45,18.66,17.63,17.63,288100,2.91
1991-10-21,17.94,18.66,17.84,18.45,555000,3.04
1991-10-14,16.61,18.25,16.61,18.04,224800,2.97
1991-10-07,16.4,17.22,15.99,16.81,215500,2.77
1991-09-30,21.74,22.15,16.4,16.61,1172400,2.74
1991-09-23,20.92,22.76,20.51,22.35,174000,3.68
1991-09-16,20.1,21.12,20.1,20.92,189500,3.45
1991-09-09,20.1,20.71,19.69,20.71,112300,3.41
1991-09-03,21.33,21.33,19.48,20.1,391300,3.31
1991-08-26,20.3,21.33,20.3,21.33,128800,3.52
1991-08-19,19.69,20.92,19.48,20.51,216900,3.38
1991-08-12,20.51,20.71,19.69,20.51,254500,3.38
1991-08-05,20.51,20.92,20.1,20.2,351600,3.33
1991-07-29,18.45,20.92,18.25,20.71,332400,3.41
1991-07-22,18.25,18.66,18.04,18.45,367900,3.04
1991-07-15,17.63,18.45,16.61,18.25,724600,3.01
1991-07-08,18.25,18.66,17.63,17.84,390400,2.94
1991-07-01,18.66,19.27,17.02,18.25,554200,3.01
1991-06-24,20.1,20.1,18.45,18.66,117400,3.08
1991-06-17,20.51,20.51,20.1,20.1,42700,3.31
1991-06-10,20.51,20.71,19.89,20.51,319100,3.38
1991-06-03,20.51,20.92,20.3,20.51,292900,3.38
1991-05-28,19.89,20.71,19.69,20.51,205700,3.38
1991-05-20,19.69,19.89,19.07,19.48,195400,3.21
1991-05-13,20.92,20.92,19.89,19.99,101200,3.3
1991-05-06,20.92,21.53,20.51,20.92,276600,3.45
1991-04-29,20.19,21.11,19.99,21.11,254200,3.46
1991-04-22,19.17,20.19,18.76,20.09,256400,3.29
1991-04-15,18.56,19.99,18.56,19.37,270400,3.17
1991-04-08,20.19,20.19,18.46,18.56,376500,3.04
1991-04-01,20.19,20.39,19.58,19.78,226800,3.24
1991-03-25,19.99,20.39,19.78,19.88,310200,3.26
1991-03-18,19.58,20.8,19.07,20.39,155200,3.34
1991-03-11,20.39,20.6,19.17,19.17,457700,3.14
1991-03-04,20.6,21.41,20.19,20.5,477800,3.36
1991-02-25,20.19,20.6,19.78,20.5,258600,3.36
1991-02-19,19.37,19.99,18.35,19.99,173100,3.27
1991-02-11,17.44,20.8,17.44,19.37,1024900,3.17
1991-02-04,17.13,17.74,16.73,17.54,950300,2.85
1991-01-28,15.92,17.23,15.92,17.03,551600,2.77
1991-01-21,15.21,15.92,15.21,15.92,113200,2.59
1991-01-14,15.11,15.61,14.8,15.41,222300,2.51
1991-01-07,14.8,15.41,14.8,15.21,240300,2.47
1990-12-31,14.9,15.21,14.4,14.7,159300,2.39
1990-12-24,14.29,15.21,14.09,15.,91200,2.44
1990-12-17,13.69,14.29,13.58,14.09,83800,2.29
1990-12-10,12.98,13.99,12.77,13.89,120200,2.26
1990-12-03,12.27,12.98,12.27,12.98,286800,2.11
1990-11-26,12.47,12.67,12.27,12.37,215200,2.01
1990-11-19,13.08,13.28,12.47,12.47,103600,2.03
1990-11-12,12.37,13.48,12.17,12.88,113200,2.09
1990-11-05,11.96,12.77,11.96,12.57,358700,2.04
1990-10-29,11.96,12.27,11.96,12.17,109000,1.98
1990-10-22,11.76,12.17,11.56,12.17,120100,1.96
1990-10-15,11.86,12.47,11.66,11.86,131400,1.91
1990-10-08,12.77,12.97,11.56,11.56,300400,1.86
1990-10-01,12.37,13.27,12.27,13.07,100800,2.1
1990-09-24,11.86,12.17,11.66,12.17,153700,1.96
1990-09-17,12.37,12.47,11.86,12.17,101100,1.96
1990-09-10,12.07,13.27,11.86,12.57,164300,2.02
1990-09-04,11.66,12.37,11.46,11.86,108300,1.91
1990-08-27,12.27,12.47,11.46,11.46,89200,1.84
1990-08-20,12.97,13.17,11.96,12.07,100900,1.94
1990-08-13,13.27,14.08,12.97,12.97,191400,2.09
1990-08-06,13.87,14.18,13.17,13.47,237900,2.17
1990-07-30,14.88,15.08,13.98,14.08,345400,2.26
1990-07-23,14.38,15.28,13.98,14.78,385600,2.36
1990-07-16,13.78,14.48,13.58,14.38,433000,2.29
1990-07-09,13.88,13.98,13.58,13.68,354600,2.18
1990-07-02,13.88,13.98,13.78,13.78,231600,2.2
1990-06-25,14.48,14.48,13.28,13.78,532200,2.2
1990-06-18,15.38,15.58,13.88,14.28,316500,2.28
1990-06-11,15.18,15.48,15.08,15.38,124200,2.45
1990-06-04,16.08,16.48,15.18,15.28,438500,2.44
1990-05-29,15.58,16.08,15.08,15.98,432300,2.55
1990-05-21,14.78,15.68,14.58,15.68,290200,2.5
1990-05-14,14.38,14.78,14.18,14.68,223600,2.34
1990-05-07,13.28,14.48,13.28,14.38,151300,2.29
1990-04-30,13.98,14.08,12.88,13.38,249700,2.13
1990-04-23,15.37,15.37,13.58,13.88,310600,2.19
1990-04-16,15.27,15.76,15.27,15.67,126900,2.48
1990-04-09,15.57,15.57,15.27,15.47,124200,2.45
1990-04-02,15.67,15.86,15.37,15.37,128400,2.43
1990-03-26,15.57,15.96,15.37,15.76,103000,2.49